0          C                        67   5
1          C++                20539067  17
2          Java             1097690434  26
3          C#                     4524  29
4          Python           1149485422  28
5          Go                     5152   6
6          Scala            1816149386   2
7          vb.net           1196273413  29
8          JavaScript       2102330469  28
9          PHP                41886864   5
10         Perl             1365279333  25
11         Ruby             1956896226  22
